0 0.668086 0.521965 0.043828 0.044931
0 0.273965 0.839493 0.085648 0.135764
0 0.423809 0.421687 0.037070 0.034153
0 0.507133 0.464465 0.040359 0.037986
0 0.874926 0.697778 0.079148 0.081972
0 0.853082 0.944778 0.107055 0.103722
0 0.336121 0.427236 0.022914 0.026694
0 0.985355 0.638111 0.028836 0.091278
0 0.239656 0.521167 0.040266 0.063167
0 0.307414 0.529340 0.047016 0.072653
0 0.639145 0.561507 0.038602 0.050625
0 0.830715 0.612056 0.071617 0.062139
0 0.382117 0.625715 0.050766 0.074208
0 0.596742 0.642326 0.068797 0.090569
0 0.433656 0.898986 0.104875 0.202028
0 0.345367 0.490083 0.044031 0.040667
0 0.295852 0.464028 0.047516 0.044722
0 0.561691 0.490146 0.048555 0.037236
0 0.567219 0.445472 0.042891 0.029278
