0 0.486648 0.457576 0.032813 0.026819
0 0.390652 0.431479 0.033023 0.024264
0 0.351340 0.436972 0.025805 0.020889
0 0.321953 0.525229 0.047531 0.072125
0 0.245195 0.468882 0.037844 0.045958
0 0.825617 0.553174 0.072453 0.071042
0 0.765852 0.602361 0.068687 0.075500
0 0.559059 0.775174 0.082117 0.124764
0 0.835090 0.689382 0.090305 0.084542
0 0.555629 0.460847 0.035242 0.038972
0 0.282715 0.652715 0.056102 0.099875
0 0.502848 0.649896 0.069930 0.107847
0 0.461008 0.654722 0.124406 0.103750
0 0.313848 0.476069 0.039352 0.036444
0 0.970473 0.720215 0.059055 0.091542
0 0.220125 0.931736 0.120250 0.136528
0 0.322980 0.419340 0.030617 0.025903
0 0.613992 0.500972 0.053703 0.047500
0 0.261223 0.544590 0.050133 0.060708
0 0.382215 0.483674 0.042773 0.044681
0 0.460547 0.470486 0.040469 0.037639
