0 0.435977 0.936236 0.129609 0.126417
0 0.275371 0.598535 0.043477 0.069597
0 0.482629 0.470618 0.041492 0.033181
0 0.585039 0.524069 0.049297 0.047417
0 0.481285 0.435986 0.040852 0.020528
0 0.306184 0.413299 0.020102 0.019597
0 0.454512 0.588507 0.057383 0.073819
0 0.613719 0.476444 0.036594 0.034639
0 0.718422 0.604090 0.064609 0.080347
0 0.528711 0.726479 0.068359 0.103097
0 0.575605 0.480167 0.052039 0.051056
0 0.386320 0.626479 0.060344 0.094069
0 0.785410 0.561993 0.099039 0.095264
0 0.850078 0.562396 0.061766 0.079153
0 0.374277 0.438840 0.036617 0.030736
0 0.409070 0.433813 0.029984 0.031264
0 0.257754 0.549889 0.042461 0.052278
0 0.266309 0.482979 0.043555 0.048458
0 0.453270 0.518597 0.051492 0.055028
0 0.346023 0.489139 0.055016 0.056028
0 0.815879 0.928056 0.161914 0.143889
