0 0.271941 0.832722 0.080508 0.161889
0 0.635223 0.557438 0.058961 0.051931
0 0.772852 0.652861 0.078312 0.090583
0 0.814422 0.519597 0.059906 0.057917
0 0.768801 0.568944 0.067367 0.067306
0 0.275813 0.707993 0.062688 0.101264
0 0.686523 0.742688 0.090188 0.116347
0 0.497332 0.481389 0.042758 0.038750
0 0.462691 0.949444 0.114289 0.095083
0 0.326355 0.416861 0.034852 0.035861
0 0.762918 0.409319 0.037430 0.050444
0 0.965617 0.707667 0.064375 0.065278
0 0.608117 0.891215 0.110719 0.182292
0 0.556234 0.467451 0.054094 0.054764
0 0.379555 0.614931 0.062219 0.088028
0 0.478855 0.608215 0.064664 0.100847
0 0.238949 0.530764 0.037148 0.044000
0 0.273613 0.488660 0.034086 0.046208
0 0.307539 0.464229 0.036969 0.040625
0 0.427816 0.430014 0.042758 0.038750
0 0.397180 0.446306 0.033734 0.029611
