0 0.321848 0.477653 0.042570 0.039250
0 0.387652 0.429799 0.028273 0.024569
0 0.301055 0.650069 0.051656 0.093056
0 0.332496 0.536979 0.043039 0.062375
0 0.778430 0.655236 0.084578 0.071583
0 0.800590 0.506889 0.063258 0.047667
0 0.682031 0.497563 0.052500 0.052875
0 0.565293 0.478840 0.051898 0.052153
0 0.572324 0.524187 0.048008 0.039125
0 0.963203 0.610326 0.070625 0.081292
0 0.709703 0.551840 0.060687 0.062014
0 0.821996 0.559021 0.068773 0.055764
0 0.258871 0.546056 0.041852 0.098833
0 0.424316 0.566549 0.052336 0.080403
0 0.622570 0.863958 0.127609 0.160500
0 0.472270 0.971958 0.111430 0.056083
0 0.257957 0.947146 0.118930 0.105708
0 0.374531 0.510535 0.047063 0.053653
0 0.274375 0.490424 0.039422 0.044236
