0 0.284801 0.690958 0.060633 0.132806
0 0.409402 0.675194 0.059086 0.113833
0 0.445160 0.461146 0.040180 0.031958
0 0.313867 0.415049 0.029781 0.041597
0 0.366016 0.424792 0.040141 0.047306
0 0.877773 0.645674 0.082687 0.071264
0 0.576258 0.483083 0.050875 0.052889
0 0.774734 0.870417 0.118641 0.148306
0 0.456187 0.604014 0.051344 0.077194
0 0.715336 0.513646 0.055375 0.059792
0 0.700340 0.598917 0.066695 0.071306
0 0.267227 0.587076 0.047422 0.076542
0 0.521508 0.653722 0.071312 0.110250
0 0.850840 0.694007 0.089523 0.083181
0 0.247816 0.910382 0.100461 0.159792
0 0.340656 0.542938 0.051359 0.061986
0 0.488617 0.435986 0.033328 0.042250
0 0.678367 0.957882 0.118641 0.084236
0 0.237422 0.520618 0.037969 0.051875
0 0.265707 0.485007 0.037023 0.042625
0 0.230379 0.453146 0.040445 0.041764
0 0.421461 0.544681 0.056625 0.063361
0 0.494141 0.552917 0.052812 0.051667
